0 0 0 0 0 0 0 0 0 0 0 0 0 0 0 0 0 0 0 0 0 0 0 0 0 0 0 0 0 0 0 0 0 0 0 0 0 0 0 0 0 0 0 0 0 0 0 0 0 0 0 0 0 0 0 0 0 0 0 0 0 0 0 0 0 0 0 0 0 0 0 0 0 0 0 0 0 0 0 0 0 0 0 0 0 0 0 0 0 0 0 0 0 0 0 0 0 0 0 0 
0 0 0 0 0 0 0 0 0 0 0 0 0 0 0 0 0 0 0 0 0 0 0 0 0 0 0 0 0 0 0 0 0 0 0 0 0 0 0 0 0 0 0 0 0 0 0 0 0 0 0 0 0 0 0 0 0 0 0 0 0 0 0 0 0 0 0 0 0 0 0 0 0 0 0 0 0 0 0 0 0 0 0 0 0 0 0 0 0 0 0 0 0 0 0 0 0 0 0 0 
0 0 0 0 0 0 0 0 0 0 0 0 0 0 0 0 0 0 0 0 0 0 0 0 0 0 0 0 0 0 0 0 0 0 0 0 0 0 0 0 0 0 0 0 0 0 0 0 0 0 0 0 0 0 0 0 0 0 0 0 0 0 0 0 0 0 0 0 0 0 0 0 0 0 0 0 0 0 0 0 0 0 0 0 0 0 0 0 0 0 0 0 0 0 0 0 0 0 0 0 
0 0 0 0 0 0 0 0 0 0 0 0 0 0 0 0 0 0 0 0 0 0 0 0 0 0 0 0 0 0 0 0 0 0 0 0 0 0 0 0 0 0 0 0 0 0 0 0 0 0 0 0 0 0 0 0 0 0 0 0 0 0 0 0 0 0 0 0 0 0 0 0 0 0 0 0 0 0 0 0 0 0 0 0 0 0 0 0 0 0 0 0 0 0 0 0 0 0 0 0 
0 0 0 0 0 0 0 0 0 0 0 0 0 0 0 0 0 0 0 0 0 0 0 0 0 0 0 0 0 0 0 0 0 0 0 0 0 0 0 0 0 0 0 0 0 0 0 0 0 0 0 0 0 0 0 0 0 0 0 0 0 0 0 0 0 0 0 0 0 0 0 0 0 0 0 0 0 0 0 0 0 0 0 0 0 0 0 0 0 0 0 0 0 0 0 0 0 0 0 0 
0 0 0 0 0 0 0 0 0 0 0 0 0 0 0 0 0 0 0 0 0 0 0 0 0 0 0 0 0 0 0 0 0 0 0 0 0 0 0 0 0 0 0 0 0 0 0 0 0 0 0 0 0 0 0 0 0 0 0 0 0 0 0 0 0 0 0 0 0 0 0 0 0 0 0 0 0 0 0 0 0 0 0 0 0 0 0 0 0 0 0 0 0 0 0 0 0 0 0 0 
0 0 0 0 0 0 0 0 0 0 0 0 0 0 0 0 0 0 0 0 0 0 0 0 0 0 0 0 0 0 0 0 0 0 0 0 0 0 0 0 0 0 0 0 0 0 0 0 0 0 0 0 0 0 0 0 0 0 0 0 0 0 0 0 0 0 0 0 0 0 0 0 0 0 0 0 0 0 0 0 0 0 0 0 0 0 0 0 0 0 0 0 0 0 0 0 0 0 0 0 
0 0 0 0 0 0 0 0 0 0 0 0 0 0 0 0 0 0 0 0 0 0 0 0 0 0 0 0 0 0 0 0 0 0 0 0 0 0 0 0 0 0 0 0 0 0 0 0 0 0 0 0 0 0 0 0 0 0 0 0 0 0 0 0 0 0 0 0 0 0 0 0 0 0 0 0 0 0 0 0 0 0 0 0 0 0 0 0 0 0 0 0 0 0 0 0 0 0 0 0 
0 0 0 0 0 0 0 0 0 0 0 0 0 0 0 0 0 0 0 0 0 0 0 0 0 0 0 0 0 0 0 0 0 0 0 0 0 0 0 0 0 0 0 0 0 0 0 0 0 0 0 0 0 0 0 0 0 0 0 0 0 0 0 0 0 0 0 0 0 0 0 0 0 0 0 0 0 0 0 0 0 0 0 0 0 0 0 0 0 0 0 0 0 0 0 0 0 0 0 0 
0 0 0 0 0 0 0 0 0 0 0 0 0 0 0 0 0 0 0 0 0 0 0 0 0 0 0 0 0 0 0 0 0 0 0 0 0 0 0 0 0 0 0 0 0 0 0 0 0 0 0 0 0 0 0 0 0 0 0 0 0 0 0 0 0 0 0 0 0 0 0 0 0 0 0 0 0 0 0 0 0 0 0 0 0 0 0 0 0 0 0 0 0 0 0 0 0 0 0 0 
0 0 0 0 0 0 0 0 0 0 0 0 0 0 0 0 0 0 0 0 0 0 0 0 0 0 0 0 0 0 0 0 0 0 0 0 0 0 0 0 0 0 0 0 0 0 0 0 0 0 0 0 0 0 0 0 0 0 0 0 0 0 0 0 0 0 0 0 0 0 0 0 0 0 0 0 0 0 0 0 0 0 0 0 0 0 0 0 0 0 0 0 0 0 0 0 0 0 0 0 
0 0 0 0 0 0 0 0 0 0 0 0 0 0 0 0 0 0 0 0 0 0 0 0 0 0 0 0 0 0 0 0 0 0 0 0 0 0 0 0 0 0 0 0 0 0 0 0 0 0 0 0 0 0 0 0 0 0 0 0 0 0 0 0 0 0 0 0 0 0 0 0 0 0 0 0 0 0 0 0 0 0 0 0 0 0 0 0 0 0 0 0 0 0 0 0 0 0 0 0 
0 0 0 0 0 0 0 0 0 0 0 0 0 0 0 0 0 0 0 0 0 0 0 0 0 0 0 0 0 0 0 0 0 0 0 0 0 0 0 0 0 0 0 0 0 0 0 0 0 0 0 0 0 0 0 0 0 0 0 0 0 0 0 0 0 0 0 0 0 0 0 0 0 0 0 0 0 0 0 0 0 0 0 0 0 0 0 0 0 0 0 0 0 0 0 0 0 0 0 0 
0 0 0 0 0 0 0 0 0 0 0 0 0 0 0 0 0 0 0 0 0 0 0 0 0 0 0 0 0 0 0 0 0 0 0 0 0 0 0 0 0 0 0 0 0 0 0 0 0 0 0 0 0 0 0 0 0 0 0 0 0 0 0 0 0 0 0 0 0 0 0 0 0 0 0 0 0 0 0 0 0 0 0 0 0 0 0 0 0 0 0 0 0 0 0 0 0 0 0 0 
0 0 0 0 0 0 0 0 0 0 0 0 0 0 0 0 0 0 0 0 0 0 0 0 0 0 0 0 0 0 0 0 0 0 0 0 0 0 0 0 0 0 0 0 0 0 0 0 0 0 0 0 0 0 0 0 0 0 0 0 0 0 0 0 0 0 0 0 0 0 0 0 0 0 0 0 0 0 0 0 0 0 0 0 0 0 0 0 0 0 0 0 0 0 0 0 0 0 0 0 
0 0 0 0 0 0 0 0 0 0 0 0 0 0 0 0 0 0 0 0 0 0 0 0 0 0 0 0 0 0 0 0 0 0 0 0 0 0 0 0 0 0 0 0 0 0 0 0 0 0 0 0 0 0 0 0 0 0 0 0 0 0 0 0 0 0 0 0 0 0 0 0 0 0 0 0 0 0 0 0 0 0 0 0 0 0 0 0 0 0 0 0 0 0 0 0 0 0 0 0 
0 0 0 0 0 0 0 0 0 0 0 0 0 0 0 0 0 0 0 0 0 0 0 0 0 0 0 0 0 0 0 0 0 0 0 0 0 0 0 0 0 0 0 0 0 0 0 0 0 0 0 0 0 0 0 0 0 0 0 0 0 0 0 0 0 0 0 0 0 0 0 0 0 0 0 0 0 0 0 0 0 0 0 0 0 0 0 0 0 0 0 0 0 0 0 0 0 0 0 0 
0 0 0 0 0 0 0 0 0 0 0 0 0 0 0 0 0 0 0 1 0 0 0 0 0 0 0 0 0 0 0 0 0 0 0 0 0 0 0 0 0 0 0 0 0 0 0 0 0 0 0 0 0 0 0 0 11 11 0 0 0 0 0 0 0 0 0 0 0 0 0 0 0 0 0 0 0 0 0 0 0 0 0 0 0 0 0 0 0 0 0 0 0 0 0 0 0 0 0 0 
0 0 0 0 0 0 0 0 0 0 0 0 0 0 0 0 0 0 1 1 1 0 0 0 0 0 0 0 0 0 0 0 0 0 0 0 0 0 0 0 0 0 0 0 0 0 0 0 0 0 0 0 0 0 0 11 11 11 11 11 11 11 0 0 0 0 0 0 0 0 0 0 0 0 0 0 0 0 0 0 0 0 0 0 0 0 0 0 0 0 0 0 0 0 0 0 0 0 0 0 
0 0 0 0 0 0 0 0 0 0 0 0 0 0 0 0 0 0 1 1 1 1 1 0 0 0 0 0 0 0 0 0 0 0 0 0 0 0 0 0 0 0 0 0 0 0 0 0 0 0 0 0 0 0 0 11 13 11 11 11 11 11 11 11 11 11 11 0 0 0 0 0 0 0 0 0 0 0 0 0 0 0 0 0 0 0 0 0 0 0 0 0 0 0 0 0 0 0 0 0 
0 0 0 0 0 0 0 0 0 0 0 0 0 0 0 0 0 0 1 1 1 1 1 1 0 0 0 0 0 0 0 0 0 0 0 0 0 0 0 0 0 0 0 0 0 0 0 0 0 0 0 0 0 0 0 13 13 13 11 11 11 11 11 11 11 11 11 11 11 11 11 0 0 0 0 0 0 0 0 0 0 0 0 0 0 0 0 0 0 0 0 0 0 0 0 0 0 0 0 0 
0 0 0 0 0 0 0 0 0 0 0 0 0 0 0 0 0 0 1 1 1 1 1 1 1 0 0 0 0 0 5 5 0 0 0 0 0 0 0 0 0 0 0 0 0 0 0 0 0 0 0 0 0 0 0 13 13 13 11 11 11 11 11 11 11 11 11 11 11 11 11 11 11 11 11 0 0 0 0 0 0 0 0 0 0 0 0 0 0 0 0 0 0 0 0 0 0 0 0 0 
0 0 0 0 0 0 0 0 0 0 0 0 0 0 0 0 0 0 1 1 1 1 1 1 1 0 0 0 0 5 5 5 5 5 0 0 0 0 0 0 0 0 0 0 0 0 0 0 0 0 0 0 0 0 0 13 13 13 13 11 11 11 11 11 11 11 11 11 11 11 11 11 11 11 11 11 11 11 11 11 0 0 0 0 0 0 0 0 0 0 0 0 0 0 0 0 0 0 0 0 
0 0 0 0 0 0 0 0 0 0 0 0 2 2 3 3 3 3 1 1 1 1 1 1 1 0 0 0 0 5 5 5 5 5 5 0 0 0 0 0 0 0 0 0 0 0 0 0 0 0 0 0 0 0 0 13 13 13 13 11 11 11 11 11 11 11 11 11 11 11 11 11 11 11 11 11 11 11 11 11 11 11 11 11 0 0 0 0 0 0 0 0 0 0 0 0 0 0 0 0 
0 0 0 0 0 0 0 0 0 0 0 2 2 3 3 3 3 3 4 1 1 1 1 1 1 0 0 0 0 5 5 5 5 5 5 5 5 0 0 0 0 0 0 0 0 0 0 0 0 0 0 0 0 0 0 13 13 13 13 11 11 11 11 11 11 11 11 11 11 11 11 11 11 11 11 11 11 11 11 11 11 11 11 11 11 11 11 11 0 0 0 0 0 0 0 0 0 0 0 0 
0 0 0 0 0 0 0 0 0 0 0 0 2 2 3 3 3 3 3 1 1 1 1 1 1 0 0 0 0 5 5 5 5 5 5 5 5 5 5 0 0 0 0 0 0 0 0 0 0 0 0 0 0 0 0 13 13 13 13 13 11 11 11 11 11 11 11 11 11 11 11 11 11 11 11 11 11 11 11 11 11 11 11 11 11 11 11 11 11 11 11 11 11 0 0 0 0 0 0 0 
0 0 0 0 0 0 0 0 0 0 0 0 2 2 2 2 3 3 3 1 1 1 1 1 1 0 0 0 0 5 5 5 5 5 5 5 5 5 5 5 0 0 0 0 0 0 0 0 0 0 0 0 0 0 0 13 13 13 13 13 11 11 11 11 11 11 11 11 11 11 11 11 11 11 11 11 11 11 11 11 11 11 11 11 11 11 11 11 11 11 11 11 11 11 11 11 11 0 0 0 
0 0 0 0 0 0 0 0 0 0 0 0 2 2 2 2 2 2 3 3 1 1 1 1 1 0 0 0 0 5 5 5 5 5 5 5 5 5 5 5 0 0 0 0 0 0 0 0 0 0 0 0 0 0 0 13 13 13 13 13 13 11 11 11 11 11 11 11 11 11 11 11 11 11 11 11 11 11 11 11 11 11 11 11 11 11 11 11 11 11 11 11 11 11 11 11 11 11 11 11 
0 0 0 0 0 0 0 0 0 0 0 0 2 2 2 2 2 2 2 2 1 1 1 1 1 0 0 0 0 5 5 5 5 5 5 5 5 5 5 5 0 0 0 0 0 0 0 0 0 0 0 0 0 0 0 13 13 13 13 13 13 13 11 11 11 11 11 11 11 11 11 11 11 11 11 11 11 11 11 11 11 11 11 11 11 11 11 11 11 11 11 11 11 11 11 11 11 11 11 11 
0 0 0 0 0 0 0 0 0 0 0 0 0 2 2 2 2 2 2 2 2 1 1 1 1 6 6 7 7 5 5 5 5 5 5 5 5 5 5 5 0 0 0 0 0 0 0 0 0 0 0 0 0 0 0 0 0 0 0 0 0 0 0 0 0 0 0 0 0 11 19 11 11 11 11 11 11 11 11 11 11 11 11 11 11 11 11 11 11 11 11 11 11 11 11 11 11 11 11 11 
0 0 0 0 0 0 0 0 0 0 0 0 0 2 2 2 2 2 2 2 2 2 1 1 6 6 7 7 7 0 0 0 0 0 0 0 0 0 0 14 14 14 14 14 12 12 12 12 12 12 12 0 0 0 0 0 0 0 0 0 0 0 0 0 0 0 0 0 0 19 19 19 11 11 11 11 11 11 11 11 11 11 11 11 11 11 11 11 11 11 11 11 11 11 11 11 11 11 11 11 
0 0 0 0 0 0 0 0 0 0 0 0 0 2 2 2 2 2 2 2 2 2 1 1 1 6 6 7 7 0 0 0 0 0 0 0 0 0 0 14 14 14 14 12 12 12 12 12 12 12 12 0 0 0 0 0 0 0 0 0 0 0 0 0 0 0 0 0 0 19 19 19 19 19 11 11 11 11 11 11 11 11 11 11 11 11 11 11 11 11 11 11 11 11 11 11 11 11 11 11 
0 0 0 0 0 0 0 0 0 0 0 0 0 0 2 2 2 2 2 2 2 2 2 1 1 6 6 6 7 0 0 0 0 0 0 0 0 0 0 14 14 14 14 12 12 12 12 12 12 12 12 0 0 0 0 0 0 0 0 0 0 0 0 0 0 0 0 0 0 19 19 19 19 19 19 11 11 11 11 11 11 11 11 11 11 11 11 11 11 11 11 11 11 11 11 11 11 11 11 11 
0 0 0 0 0 0 0 0 0 0 0 0 0 0 2 2 2 2 2 2 2 2 2 2 1 6 6 6 6 0 0 0 0 0 0 0 0 0 0 14 14 14 12 12 12 12 12 12 12 12 12 12 12 12 12 12 12 12 12 12 12 12 12 12 12 12 24 22 22 19 19 19 19 19 19 19 11 11 11 11 11 11 11 11 11 11 11 11 11 11 11 11 11 11 11 11 11 11 11 11 
0 0 0 0 0 0 0 0 0 0 0 0 0 0 2 2 2 2 2 2 2 2 2 2 1 1 6 6 6 0 0 0 0 0 0 0 0 0 0 14 14 14 12 12 12 12 12 12 12 12 12 12 12 12 12 12 12 12 12 12 12 12 12 12 12 12 24 24 22 22 19 19 19 19 19 19 19 11 11 11 11 11 11 11 11 11 11 11 11 11 11 11 11 11 11 11 11 11 11 11 
0 0 0 0 0 0 0 0 0 0 0 0 0 0 0 2 2 2 2 2 2 2 2 2 2 1 6 6 6 0 0 0 0 0 0 0 0 0 0 12 14 12 12 12 12 12 12 12 12 12 12 12 12 12 12 12 12 12 12 12 12 12 12 12 12 12 12 22 22 22 19 19 19 19 19 19 19 19 19 11 11 11 11 11 11 11 11 11 11 11 11 11 11 11 11 11 11 11 11 11 
0 0 0 0 0 0 0 0 0 0 0 0 0 0 0 2 2 2 2 2 2 2 2 2 2 2 6 6 6 0 0 0 0 0 0 0 0 0 0 12 12 12 12 12 12 12 12 12 12 12 12 12 12 12 12 12 12 12 12 12 12 12 12 12 12 12 12 22 22 22 19 19 19 19 19 19 19 19 19 19 11 11 11 11 11 11 11 11 11 11 11 11 11 11 11 11 11 11 11 11 
0 0 0 0 0 0 0 0 0 0 0 0 0 0 0 2 2 2 2 2 2 2 2 2 2 2 2 6 6 6 8 8 8 8 8 8 8 8 8 8 12 12 12 12 12 12 12 12 12 12 8 8 8 8 8 8 8 8 8 8 8 8 8 8 8 8 8 22 22 22 19 19 19 19 19 19 19 19 19 19 19 11 11 11 11 11 11 11 11 11 11 11 11 11 11 11 11 11 11 11 
0 0 0 0 0 0 0 0 0 0 0 0 0 0 0 0 2 2 2 2 2 2 2 2 2 2 2 6 6 8 8 8 8 8 8 8 8 8 8 8 8 8 8 8 8 8 8 8 8 8 8 8 8 8 8 8 8 8 8 8 8 8 8 8 8 8 8 8 22 19 19 19 19 19 19 19 19 19 19 19 19 19 11 11 11 11 11 11 11 11 11 11 11 11 11 11 11 11 11 11 
0 0 0 0 0 0 0 0 0 0 0 0 0 0 0 0 2 2 2 2 2 2 2 2 2 2 2 2 6 8 8 8 8 8 8 8 8 8 8 8 8 8 8 8 8 8 8 8 8 8 8 8 8 8 8 8 8 8 8 8 8 8 8 8 8 8 8 8 8 19 19 19 19 19 19 19 19 19 19 19 19 19 19 19 11 11 11 11 11 11 11 11 11 11 11 11 11 11 11 11 
0 0 0 0 0 0 0 0 0 0 0 0 0 0 0 0 2 2 2 2 2 2 2 2 2 2 2 2 2 6 8 8 8 8 8 8 8 8 8 8 8 8 8 8 8 8 8 8 8 8 8 8 8 8 8 8 8 8 8 8 8 8 8 8 8 8 8 8 8 19 19 19 19 19 19 19 19 19 19 19 19 19 19 19 19 11 11 11 11 11 11 11 11 11 11 11 11 11 11 11 
0 0 0 0 0 0 0 0 0 0 0 0 0 0 0 0 0 2 2 2 2 2 2 2 2 2 2 2 2 6 8 8 8 8 8 8 8 8 8 8 8 8 8 8 8 8 8 8 8 8 8 8 8 8 8 8 8 8 8 8 8 8 8 8 8 8 8 8 8 8 19 19 19 19 19 19 19 19 19 19 19 19 19 19 19 19 11 0 0 0 0 0 0 11 30 30 11 11 11 11 
0 0 0 0 0 0 0 0 0 0 0 0 0 0 0 0 0 2 2 2 2 2 2 2 2 2 2 2 2 2 6 8 8 8 8 8 8 8 8 8 8 8 8 8 8 8 8 8 8 8 8 8 8 8 8 8 8 8 8 8 8 8 8 8 8 8 8 8 8 8 8 19 19 19 19 19 19 19 19 19 19 19 19 19 19 19 19 0 0 0 0 0 0 30 30 30 30 30 11 11 
0 0 0 0 0 0 0 0 0 0 0 0 0 0 0 0 0 2 2 2 2 2 2 2 2 2 2 2 2 2 2 8 8 8 8 8 8 8 8 8 8 8 8 8 8 8 8 8 8 8 8 8 8 8 8 8 8 8 8 8 8 8 8 8 8 8 8 8 8 8 8 8 19 19 19 19 19 19 19 19 19 19 19 19 19 19 19 0 0 0 0 0 0 30 30 30 30 30 30 11 
0 0 0 0 0 0 0 0 0 0 0 0 0 0 0 0 0 2 2 2 2 2 2 2 2 2 2 2 2 2 2 2 8 8 8 8 8 8 8 8 8 8 8 8 8 8 8 8 8 8 8 8 8 8 8 8 8 8 8 8 8 8 8 8 8 8 8 8 8 8 8 8 8 19 19 19 19 19 19 19 19 19 19 19 19 19 19 0 0 0 0 0 0 30 30 30 30 30 30 30 
0 0 0 0 0 0 0 0 0 0 0 0 0 0 0 0 0 0 2 2 2 2 2 2 2 2 2 2 2 2 2 2 8 8 8 8 8 8 8 8 8 8 8 8 8 8 8 8 8 8 8 8 8 8 8 8 8 8 8 8 8 8 8 8 8 8 8 8 8 8 8 8 8 8 19 19 19 19 19 19 19 19 19 19 19 19 19 0 0 0 0 0 0 30 30 30 30 30 30 30 
0 0 0 0 0 0 0 0 0 0 0 0 0 0 0 0 0 0 2 2 2 2 2 2 2 2 2 2 2 2 2 2 2 8 8 8 8 8 8 8 8 8 8 8 8 8 8 8 8 8 8 8 8 8 8 8 8 8 8 8 8 8 8 8 8 8 8 8 8 8 8 8 8 8 8 19 19 19 19 19 19 19 19 19 19 19 19 0 0 0 0 0 0 30 30 30 30 30 30 30 
0 0 0 0 0 0 0 0 0 0 0 0 0 0 0 0 0 0 0 2 2 2 2 2 2 2 2 2 2 2 2 2 2 2 8 8 8 8 8 8 8 8 8 8 8 8 8 8 8 8 8 8 8 8 8 8 8 8 8 8 8 8 8 8 8 8 8 8 8 8 8 8 8 8 8 8 19 19 19 19 19 19 19 19 19 19 19 0 0 0 0 0 0 30 30 30 30 30 30 30 
0 0 0 0 0 0 0 0 0 0 0 0 0 0 0 0 0 0 0 0 0 0 2 9 2 2 2 2 2 2 2 2 2 2 2 8 8 8 8 8 8 8 8 8 8 8 8 8 8 8 8 8 8 8 8 8 8 8 8 8 8 8 8 8 8 8 8 8 8 8 8 8 8 8 8 8 8 19 19 19 19 19 19 19 19 19 19 0 0 0 0 0 0 30 30 30 30 30 30 30 
0 0 0 0 0 0 0 0 0 0 0 0 0 0 0 0 0 0 0 0 0 0 9 9 2 2 2 2 2 2 2 2 2 2 2 8 8 8 8 8 8 8 8 8 8 8 8 8 8 8 8 8 8 8 8 8 8 8 8 8 8 8 8 8 8 8 8 8 8 8 8 8 8 8 8 8 8 8 19 19 19 19 19 19 19 19 19 0 0 0 0 0 0 30 30 30 30 30 30 30 
0 0 0 0 0 0 0 0 0 0 0 0 0 0 0 0 0 0 0 0 0 0 9 9 9 2 2 2 2 2 2 2 2 2 2 2 8 8 8 8 8 8 8 8 8 8 8 8 8 8 8 8 8 8 8 8 8 8 8 8 8 8 8 8 8 8 8 8 8 8 8 8 8 8 8 8 8 8 8 8 19 19 19 19 19 19 19 0 0 0 0 0 0 30 30 30 30 30 30 30 
0 0 0 0 0 0 0 0 0 0 0 0 0 0 0 0 0 0 0 0 0 0 9 9 9 2 2 2 2 2 2 2 2 2 2 2 2 8 8 8 8 8 8 8 8 8 8 8 8 8 8 8 8 8 8 8 8 8 8 8 8 8 8 8 8 8 8 8 8 8 8 8 8 8 8 8 8 8 8 8 8 19 19 19 19 19 19 19 33 33 33 33 33 33 30 30 30 30 30 30 
0 0 0 0 0 0 0 0 0 0 0 0 0 0 0 0 0 0 0 0 0 0 9 9 9 9 2 2 2 2 2 2 2 2 2 2 2 2 8 8 8 8 8 8 8 8 8 8 8 8 8 8 8 8 8 8 8 8 8 8 8 8 8 8 8 8 8 8 8 8 8 8 8 8 8 8 8 8 8 8 8 8 19 19 19 19 19 33 33 33 33 33 33 33 33 33 30 30 30 30 
0 0 0 0 0 0 0 0 0 0 0 0 0 0 0 0 0 0 0 0 0 0 9 9 9 9 2 2 2 2 2 2 2 2 2 2 2 2 2 8 8 8 8 8 8 8 8 8 8 8 8 8 8 8 8 8 8 8 8 8 8 8 8 8 8 8 8 8 8 8 8 8 8 8 8 8 8 8 8 8 8 8 8 19 19 19 19 33 33 33 33 33 33 33 33 33 33 33 30 30 
0 0 0 0 0 0 0 0 0 0 0 0 0 0 0 0 0 0 0 0 0 0 9 9 9 9 9 2 2 2 2 2 2 2 2 2 2 2 2 8 8 8 8 8 8 8 8 8 8 8 8 8 8 8 8 8 8 8 8 8 8 8 8 8 8 8 8 8 8 8 8 8 8 8 8 8 8 8 8 8 8 8 8 8 19 19 19 19 33 33 33 33 33 33 33 33 33 33 33 30 
0 10 0 0 0 0 0 0 0 0 0 0 0 0 0 0 0 0 0 0 0 0 9 9 9 9 9 2 2 2 2 2 2 2 2 2 2 2 2 2 8 8 8 8 8 8 8 8 8 8 8 8 8 8 8 8 8 8 8 8 8 8 8 8 8 8 8 8 8 8 8 8 8 8 8 8 8 8 8 8 8 8 8 8 8 8 19 19 19 33 33 33 33 33 33 33 33 33 33 33 
0 10 10 0 0 0 0 0 0 0 0 0 0 0 0 0 0 0 0 0 0 0 9 9 9 9 9 9 2 2 2 2 2 2 2 2 2 2 2 2 2 8 8 8 8 8 8 8 8 8 8 8 8 8 8 8 8 8 8 8 8 8 8 8 8 8 8 8 8 8 8 8 8 8 8 8 8 8 8 8 8 8 8 8 8 8 8 19 19 33 33 33 33 33 33 33 33 33 33 33 
0 10 10 0 0 0 0 0 0 0 0 0 0 0 0 0 0 0 0 0 0 0 9 9 9 9 9 9 2 2 2 2 2 2 2 2 2 2 2 2 2 2 8 8 8 8 8 8 8 8 8 8 8 8 8 8 8 8 8 8 8 8 8 8 8 8 8 8 8 8 8 8 8 8 8 8 8 8 8 8 8 8 8 8 8 8 8 8 19 19 33 33 33 33 33 33 33 33 33 33 
0 10 10 0 0 0 0 0 0 0 0 0 0 0 0 0 0 0 0 0 0 0 9 9 9 9 9 9 9 2 2 2 2 2 2 2 2 2 2 2 2 2 2 8 8 8 8 8 0 0 0 0 0 0 0 0 0 0 0 8 25 25 8 8 8 8 8 8 8 8 8 8 8 8 8 8 8 8 8 8 8 8 8 8 8 8 8 8 8 8 33 33 33 33 33 33 33 33 33 33 
0 10 10 0 0 0 0 0 0 0 0 0 0 0 0 0 0 0 0 0 0 0 9 9 9 9 9 9 9 2 2 2 2 2 2 2 2 2 2 2 2 2 2 8 8 8 8 8 0 0 0 0 0 0 0 0 0 0 0 25 25 25 25 25 8 8 8 8 8 8 8 8 8 8 8 8 8 8 8 8 8 8 8 8 8 8 8 8 8 8 8 33 33 33 33 33 33 33 33 33 
0 10 10 0 0 0 0 0 0 0 0 0 0 0 0 0 0 0 0 0 0 0 9 9 9 9 9 9 9 9 2 2 2 2 2 2 2 2 2 2 2 2 2 2 8 8 8 8 8 20 20 20 20 20 20 20 20 20 20 25 25 25 25 25 25 8 8 8 8 8 8 8 8 8 8 8 8 8 8 8 8 8 8 8 8 8 8 8 8 8 8 8 33 33 33 33 33 33 33 33 
0 10 10 0 0 0 0 0 0 0 0 0 0 0 0 0 0 0 0 0 0 0 9 9 9 9 9 9 9 9 2 2 2 2 2 2 2 2 2 2 2 2 2 2 2 8 8 8 20 20 20 20 20 20 20 20 20 20 20 20 25 25 25 25 25 25 25 8 8 8 8 8 8 8 8 8 8 8 8 8 8 8 8 8 8 8 8 8 8 8 8 8 8 8 33 33 33 33 33 33 
0 10 10 0 0 0 0 0 0 0 0 0 0 0 0 0 0 0 0 0 0 0 9 9 9 9 9 9 9 9 9 2 2 2 2 2 2 2 2 2 2 2 2 2 2 2 8 8 8 20 20 20 20 20 20 20 20 20 20 20 25 25 25 25 25 25 25 25 25 8 8 8 8 8 8 8 8 8 8 8 8 8 8 8 8 8 8 8 8 8 8 8 8 8 8 33 33 33 33 33 
0 10 10 0 0 0 0 0 0 0 0 0 0 0 0 0 0 0 0 0 0 0 9 9 9 9 9 9 9 9 9 2 2 2 2 2 2 2 2 2 2 2 2 2 2 2 2 8 8 8 20 20 20 20 20 20 20 20 20 20 20 25 25 25 25 25 25 25 25 25 8 8 8 8 8 8 8 8 8 8 8 8 8 8 8 8 8 8 8 8 8 8 8 8 8 8 33 33 33 33 
0 10 10 0 0 0 0 0 0 0 0 0 0 0 0 0 0 0 0 0 0 0 9 9 9 9 9 9 9 9 9 9 2 2 2 2 2 2 2 2 2 2 2 2 2 2 2 8 8 8 20 20 20 20 20 20 20 20 20 20 20 20 25 25 25 25 25 25 25 25 25 25 8 8 8 8 8 8 8 8 8 34 8 8 8 8 8 8 8 8 8 8 8 8 8 8 8 8 33 33 
0 10 10 0 0 0 0 0 0 0 0 0 0 0 0 0 0 0 0 0 0 0 9 9 9 9 9 9 9 9 9 9 2 2 2 2 2 2 2 2 2 2 2 2 2 2 2 2 8 8 8 20 20 20 20 20 20 20 20 20 20 20 20 25 25 25 25 25 25 25 25 25 25 25 8 8 0 0 0 0 34 34 34 34 8 8 8 8 8 8 8 8 8 8 8 8 8 8 8 33 
0 10 10 0 0 0 0 0 0 0 0 0 0 0 0 0 0 0 0 0 0 0 9 9 9 9 9 9 9 9 9 9 9 2 2 2 2 2 2 2 2 2 2 2 2 2 2 2 2 8 8 8 20 20 20 20 20 20 20 20 20 20 20 20 25 25 25 25 25 25 25 25 25 25 25 8 0 0 0 0 34 37 34 34 34 34 8 8 8 8 8 8 8 8 8 8 8 8 8 8 
10 10 10 15 15 16 16 16 16 16 16 16 16 16 18 18 18 18 18 18 17 17 9 9 9 9 9 9 9 9 9 9 9 2 2 2 2 2 2 2 2 2 2 2 2 2 2 2 2 2 8 8 8 20 20 20 20 20 20 20 20 20 20 20 20 25 25 25 25 25 25 25 25 25 25 25 0 0 0 0 37 37 37 34 34 34 34 34 8 8 8 8 8 8 8 8 8 8 8 8 
10 10 15 15 16 16 16 16 16 16 16 16 16 16 18 18 18 18 18 18 18 17 17 9 9 9 9 9 9 9 9 9 9 9 2 2 2 2 2 2 2 2 2 2 2 2 2 2 2 2 2 8 8 8 20 20 20 20 20 20 20 20 20 20 20 20 25 25 25 25 25 25 25 25 25 25 0 0 0 0 37 37 37 34 34 34 34 34 34 34 8 8 8 8 8 8 8 8 8 8 
10 10 15 15 15 16 16 16 16 16 16 16 16 16 18 18 18 18 18 17 17 17 17 9 9 9 9 9 9 9 9 9 9 9 2 2 2 2 2 2 2 2 2 2 2 2 2 2 2 2 2 2 8 8 8 20 20 20 20 20 20 20 20 20 20 20 20 25 25 25 25 25 25 25 25 25 0 0 0 0 37 37 37 37 34 34 34 34 34 34 34 34 8 8 8 8 8 8 8 8 
10 10 15 15 15 15 15 16 16 16 16 16 16 16 18 18 18 17 17 17 17 17 17 9 9 9 9 9 9 9 9 9 9 9 9 2 2 2 2 2 2 2 2 2 2 2 2 2 2 2 2 2 8 8 8 20 20 20 20 20 20 20 20 20 20 20 20 20 25 25 25 25 25 25 25 25 0 0 0 0 37 37 37 37 34 34 34 34 34 34 34 34 34 34 8 8 8 8 8 8 
10 10 15 15 15 15 15 15 15 16 16 16 16 16 16 17 17 17 17 17 17 17 17 9 9 9 9 9 9 9 9 9 9 9 9 2 2 2 2 2 2 2 2 2 2 2 2 2 2 2 2 2 2 8 8 8 20 20 20 20 20 20 20 20 20 20 20 20 20 25 25 25 25 25 25 25 0 0 0 0 37 37 37 37 34 34 34 34 34 34 34 34 34 34 34 34 8 8 8 8 
10 10 15 15 15 15 15 15 15 15 16 16 16 16 16 17 17 17 17 17 17 17 17 9 9 9 9 9 9 9 9 9 9 9 9 9 2 2 2 2 2 2 2 2 2 2 2 2 2 2 2 2 2 2 8 8 8 20 20 20 20 20 20 20 20 20 20 20 20 20 25 25 25 25 25 25 0 0 0 0 37 37 37 37 37 34 34 34 34 34 34 34 34 34 34 34 34 34 8 8 
10 10 15 15 15 0 0 0 0 0 0 0 0 0 0 17 17 17 17 17 17 17 17 9 9 9 9 9 9 9 9 9 9 9 9 9 9 2 2 2 0 0 0 0 0 0 0 0 0 0 0 0 0 0 0 0 0 0 20 29 20 20 20 20 20 20 20 20 20 20 20 25 25 25 25 25 25 36 36 36 36 38 38 38 37 34 34 34 34 34 34 34 34 34 34 34 34 34 34 34 
10 10 15 15 15 0 0 0 0 0 0 0 0 0 0 17 17 17 17 17 17 17 17 9 9 9 9 9 9 9 9 9 9 9 9 9 9 2 2 2 0 0 0 0 0 0 0 0 0 0 0 0 0 0 0 0 0 0 29 29 29 20 20 20 20 20 20 20 20 20 20 20 20 25 25 25 36 36 36 36 36 36 36 36 36 37 34 34 34 34 34 34 34 34 34 34 34 34 34 34 
10 10 15 15 15 0 0 0 0 0 0 0 0 0 0 17 17 17 17 17 17 17 17 9 9 9 9 9 9 9 9 9 9 9 9 9 9 9 2 2 0 0 0 0 0 0 0 0 0 0 0 0 0 0 0 0 0 0 29 29 29 29 20 20 20 20 20 20 20 20 20 20 20 20 25 25 25 36 36 36 36 36 36 36 36 36 36 34 34 34 34 34 34 34 34 34 34 34 34 34 
10 10 15 15 15 0 0 0 0 0 0 0 0 0 0 17 17 17 17 17 17 17 17 9 9 9 9 9 9 9 9 9 9 9 9 9 9 9 2 2 0 0 0 0 0 0 0 0 0 0 0 0 0 0 0 0 0 0 29 29 29 29 29 20 20 20 20 20 20 20 20 20 20 20 20 25 25 25 36 36 36 36 36 36 36 36 36 36 34 34 34 34 34 34 34 34 34 34 34 34 
10 10 15 15 15 0 0 0 0 0 0 0 0 0 0 17 17 17 17 17 17 17 17 9 9 9 9 9 9 9 9 9 9 9 9 9 9 9 9 2 0 0 0 0 0 0 0 0 0 0 0 0 0 0 0 0 0 0 29 29 29 29 29 29 20 20 20 20 20 20 20 20 20 20 20 20 25 25 25 36 36 36 36 36 36 36 36 36 36 36 34 34 34 34 34 34 34 34 34 34 
10 10 15 15 15 0 0 0 0 0 0 0 0 0 0 17 17 17 17 17 17 17 17 9 9 9 9 9 9 9 9 9 9 9 9 9 9 9 9 9 0 0 0 0 0 0 0 0 0 0 0 0 0 0 0 0 0 0 29 29 29 29 29 29 29 20 20 20 20 20 20 20 20 20 20 20 20 25 25 25 36 36 36 36 36 36 36 36 36 36 36 34 34 34 34 34 34 34 34 34 
10 10 15 15 15 0 0 0 0 0 0 0 0 0 0 17 17 17 17 17 17 17 17 9 9 9 9 9 9 9 9 9 9 9 9 9 9 9 9 9 0 0 0 0 0 0 0 0 0 0 0 0 0 0 0 0 0 0 29 29 29 29 29 29 29 29 20 20 20 20 20 20 20 20 20 20 20 20 25 25 25 36 36 36 36 36 36 36 36 36 36 36 36 34 34 34 34 34 34 34 
10 10 10 15 15 21 21 23 23 23 23 23 23 26 17 17 17 17 17 17 17 17 17 9 9 9 9 9 9 9 9 9 9 9 9 9 9 9 9 9 0 0 0 0 0 0 0 0 0 0 0 0 0 0 0 0 0 0 29 29 29 29 29 29 29 29 29 20 20 20 20 20 20 20 20 20 20 20 20 25 25 36 36 36 36 36 36 36 36 36 36 36 36 36 34 34 34 0 0 0 
10 10 10 15 21 21 23 23 23 23 23 23 23 26 26 17 17 17 17 17 17 17 17 9 9 9 9 9 9 9 9 9 9 9 9 9 9 9 9 9 0 0 0 0 0 0 0 0 0 0 0 0 0 0 0 0 0 0 29 29 29 29 29 29 29 29 29 29 20 20 20 20 20 20 20 20 20 20 20 20 20 25 36 36 36 36 36 36 36 36 36 36 36 36 36 36 34 0 0 0 
10 10 10 15 21 21 21 23 23 23 23 23 23 26 26 17 17 17 17 17 17 17 17 9 9 9 9 9 9 9 9 9 9 0 0 0 0 0 0 0 0 0 0 0 0 32 32 32 32 32 32 32 35 35 35 35 31 31 29 29 29 29 29 29 29 29 29 29 29 20 20 20 20 20 20 20 20 20 20 20 20 20 25 36 36 36 36 36 36 36 36 36 36 36 36 36 36 0 0 0 
10 10 10 15 21 21 21 21 21 23 23 23 23 26 17 17 17 17 17 17 17 17 17 9 9 9 9 9 9 9 9 9 9 0 0 0 0 0 0 0 0 0 0 0 0 32 32 32 32 32 32 32 35 35 35 35 35 31 31 29 29 29 29 29 29 29 29 29 29 29 29 20 20 20 20 20 20 20 20 20 20 20 20 25 36 36 36 36 36 36 36 36 36 36 36 36 36 0 0 0 
10 10 10 15 15 21 21 21 21 21 21 23 23 26 17 17 17 17 17 17 17 17 17 9 9 9 9 9 9 9 9 9 9 27 27 28 28 28 28 28 28 28 28 28 28 28 32 32 32 32 32 32 32 35 35 35 31 31 31 29 29 29 29 29 29 29 29 29 29 29 29 29 20 20 20 20 20 20 20 20 20 20 20 20 25 36 36 36 36 36 36 36 36 36 36 36 36 0 0 0 
10 10 10 15 15 21 21 21 21 21 21 21 21 21 17 17 17 17 17 17 17 17 17 9 9 9 9 9 9 9 9 9 27 27 28 28 28 28 28 28 28 28 28 28 28 28 28 28 28 28 28 28 32 35 31 31 31 31 31 29 29 29 29 29 29 29 29 29 29 29 29 29 29 20 20 20 20 20 20 20 20 20 20 20 20 25 36 36 36 36 36 36 36 36 36 36 36 0 0 0 
10 10 10 15 15 21 21 21 21 21 21 21 21 21 17 17 17 17 17 17 17 17 17 9 9 9 9 9 9 9 9 9 27 27 27 28 28 28 28 28 28 28 28 28 28 28 28 28 28 28 28 28 28 31 31 31 31 31 31 29 29 29 29 29 29 29 29 29 29 29 29 29 29 29 20 20 20 20 20 20 20 20 20 20 20 20 20 36 36 36 36 36 36 36 36 36 36 0 0 0 
10 10 10 15 15 21 21 21 21 21 21 21 21 21 17 17 17 17 17 17 17 17 9 9 9 9 9 9 9 9 9 9 9 27 27 27 27 28 28 28 28 28 28 28 28 28 28 28 28 28 28 28 28 31 31 31 31 31 31 29 29 29 29 29 29 29 29 29 29 29 29 29 29 29 29 20 20 20 20 20 20 20 20 20 20 20 20 20 36 36 36 36 36 36 36 36 36 0 0 0 
10 10 10 15 15 21 21 21 21 21 21 21 21 21 17 17 17 17 17 17 17 17 9 9 9 9 9 9 9 9 9 9 9 27 27 27 27 27 27 28 28 28 28 28 28 28 28 28 28 28 28 28 28 28 31 31 31 31 31 29 29 29 29 29 29 29 29 29 29 29 29 29 29 29 29 29 20 20 20 20 20 20 20 20 20 20 20 20 20 36 36 36 36 36 36 36 36 0 0 0 
10 10 10 15 15 15 21 21 21 21 21 21 21 21 21 17 17 17 17 17 17 17 9 9 9 9 9 9 9 9 9 9 9 27 27 27 27 27 27 27 27 28 28 28 28 28 28 28 28 28 28 28 28 28 31 31 31 31 31 29 29 29 29 29 29 29 29 29 29 29 29 29 29 29 29 29 29 20 20 20 20 20 20 20 20 20 20 20 20 20 36 36 36 36 36 36 36 0 0 0 
10 10 10 15 15 15 21 21 21 21 21 21 21 21 21 17 17 17 17 17 17 17 9 9 9 9 9 9 9 9 9 9 9 27 27 27 27 27 27 27 27 27 27 28 28 28 28 28 28 28 28 28 28 28 31 31 31 31 31 29 29 29 29 29 29 29 29 29 29 29 29 29 29 29 29 29 29 29 20 20 20 20 20 20 20 20 20 20 20 20 20 36 36 36 36 36 36 0 0 0 
10 10 10 15 15 15 21 21 21 21 21 21 21 21 21 17 17 17 17 17 17 17 9 9 9 9 9 9 9 9 9 9 9 9 27 27 27 27 27 27 27 27 27 27 27 28 28 28 28 28 28 28 28 28 28 31 31 31 31 29 29 29 29 29 29 29 29 29 29 29 29 29 29 29 29 29 29 29 29 20 20 20 20 20 20 20 20 20 20 20 20 20 20 36 36 36 36 0 0 0 
10 10 10 15 15 15 21 21 21 21 21 21 21 21 21 17 17 17 17 17 17 17 9 9 9 9 9 9 9 9 9 9 9 9 27 27 27 27 27 27 27 27 27 27 27 27 27 28 28 28 28 28 28 28 28 31 31 31 29 29 29 29 29 29 29 29 29 29 29 29 29 29 29 29 29 29 29 29 29 29 20 20 20 20 20 20 20 20 20 20 20 20 20 20 36 36 36 0 0 0 
10 10 10 15 15 15 15 21 21 21 21 21 21 21 21 21 17 17 17 17 17 17 9 9 9 9 9 9 9 9 9 9 9 9 27 27 27 27 27 27 27 27 27 27 27 27 27 27 27 28 28 28 28 28 28 28 31 31 29 29 29 29 29 29 29 29 29 29 29 29 29 29 29 29 29 29 29 29 29 29 29 20 20 20 20 20 20 20 20 20 20 20 20 20 20 36 36 0 0 0 
10 10 10 15 15 15 15 21 21 21 21 21 21 21 21 21 17 17 17 17 17 17 9 9 9 9 9 9 9 9 9 9 9 9 27 27 27 27 27 27 27 27 27 27 27 27 27 27 27 27 27 28 28 28 28 28 31 31 29 29 29 29 29 29 29 29 29 29 29 29 29 29 29 29 29 29 29 29 29 29 29 29 20 20 20 20 20 20 20 20 20 20 20 20 20 20 36 0 0 0 
10 10 10 15 15 15 15 21 21 21 21 21 21 21 21 21 17 17 17 17 17 17 9 9 9 9 9 9 9 9 9 9 9 9 27 27 27 27 27 27 27 27 27 27 27 27 27 27 27 27 27 27 27 28 28 28 28 31 29 29 29 29 29 29 29 29 29 29 29 29 29 29 29 29 29 29 29 29 29 29 29 29 29 20 20 20 20 20 20 20 20 20 20 20 20 20 20 0 0 0 
10 10 10 15 15 15 15 21 21 21 21 21 21 21 21 21 21 17 17 17 17 9 9 9 9 9 9 9 9 9 9 9 9 9 9 27 27 27 27 27 27 27 27 27 27 27 27 27 27 27 27 27 27 27 27 28 28 31 29 29 29 29 29 29 29 29 29 29 29 29 29 29 29 29 29 29 29 29 29 29 29 29 29 29 20 20 20 20 20 20 20 20 20 20 20 20 20 0 0 0 
10 10 10 15 15 15 15 21 21 21 21 21 21 21 0 0 0 0 0 0 0 0 0 0 0 9 9 9 9 9 9 9 9 9 9 27 27 27 27 27 27 27 27 27 27 27 27 27 27 27 27 27 27 27 27 27 27 27 29 29 29 29 29 29 29 29 29 29 29 29 29 29 29 29 29 29 29 29 29 29 29 29 29 29 29 20 20 20 20 20 20 20 20 20 20 20 20 20 39 39 
10 10 10 15 15 15 15 15 21 21 21 21 21 21 0 0 0 0 0 0 0 0 0 0 0 9 9 9 9 9 9 9 9 9 9 27 27 27 27 27 27 27 27 27 27 27 27 27 27 27 27 27 27 27 27 27 27 27 29 29 29 29 29 29 29 29 29 29 29 29 29 29 29 29 29 29 29 29 29 29 29 29 29 29 29 29 29 20 20 20 20 20 20 20 20 20 20 39 39 39 
10 10 10 10 15 15 15 15 21 21 21 21 21 21 0 0 0 0 0 0 0 0 0 0 0 9 9 9 9 9 9 9 9 9 9 27 27 27 27 27 27 27 27 27 27 27 27 27 27 27 27 27 27 27 27 27 27 27 27 29 29 29 29 29 29 29 29 29 29 29 29 29 29 29 29 29 29 29 29 29 29 29 29 29 29 29 29 29 20 20 20 20 20 20 20 20 20 20 39 39 
